# yamllint disable
end-of-epoch: true
loss: 0.22752349327997354
summary:
  DER: 0.0781233011349621
  F-score: 0.9456454411931025
  FAR: 0.10456885166499386
  FN: 37812.0
  FP: 34759.0
  FRR: 0.05651198555665238
  MCC: 0.8370046702025511
  TN: 297644.0
  TP: 631285.0
  precision: 0.9478127571151312
  recall: 0.9434880144433326
  threshold: 0.5
unixtime: 1676641322.9950237
