# yamllint disable
end-of-epoch: true
loss: 0.2604017359356718
summary:
  DER: 0.10619469026548554
  F-score: 0.9273587771033269
  FAR: 0.12258613791090565
  FN: 55396.0
  FP: 40748.0
  FRR: 0.0827921811037849
  MCC: 0.7863264145199345
  TN: 291655.0
  TP: 613701.0
  precision: 0.9377369359567982
  recall: 0.9172078188962002
  threshold: 0.5
unixtime: 1676510108.9508066
