# yamllint disable
end-of-epoch: true
loss: 0.2702578794493144
summary:
  DER: 0.10650879075106583
  F-score: 0.9271457214048033
  FAR: 0.12245677686422438
  FN: 55696.0
  FP: 40705.0
  FRR: 0.08324054658741432
  MCC: 0.785828565302883
  TN: 291698.0
  TP: 613401.0
  precision: 0.9377700250417984
  recall: 0.9167594534125707
  threshold: 0.5
unixtime: 1676617503.718287
