# yamllint disable
end-of-epoch: true
loss: 0.23700623379730817
summary:
  DER: 0.08429104255422717
  F-score: 0.9417654446298622
  FAR: 0.1151945078714658
  FN: 39564.0
  FP: 38291.0
  FRR: 0.0591304399810482
  MCC: 0.8248836102801457
  TN: 294112.0
  TP: 629533.0
  precision: 0.9426630369678097
  recall: 0.9408695600189368
  threshold: 0.5
unixtime: 1676784966.720501
