# yamllint disable
end-of-epoch: true
loss: 0.2580839504967935
summary:
  DER: 0.08990349953797468
  F-score: 0.9383954187956479
  FAR: 0.1373544784067678
  FN: 35191.0
  FP: 44492.0
  FRR: 0.05480789747055962
  MCC: 0.8138183686271686
  TN: 279429.0
  TP: 606888.0
  precision: 0.9316957843347826
  recall: 0.9451921025294248
  threshold: 0.5
unixtime: 1675900027.124537
