# yamllint disable
end-of-epoch: true
loss: 0.28540927605306543
summary:
  DER: 0.10537574827182018
  F-score: 0.9280467551880861
  FAR: 0.11868699486589764
  FN: 54799.0
  FP: 38005.0
  FRR: 0.08388184078078759
  MCC: 0.7874960294225988
  TN: 282207.0
  TP: 598489.0
  precision: 0.9402900891445805
  recall: 0.916118159219197
  threshold: 0.5
unixtime: 1676586937.0029118
